255 255 255 255 255 255 255 255 255 255 255 255 255 255 255 255
255 255 247 247 255 249 247 255 247 255 253 255 247 247 255 255
255 247   0 104 255 199   0 255   0   0 199 255 104   0 247 255
255 247 104 165 255 199 255   0 151 104 141 255 165 104 247 255
255 255 255 255 255  56   0 255 255 255  56 255 255 255 255 255
255 253  56 174 199 211 255   0   0  56  87 199 174   0 253 255
255 255   0 255 255   0 255 255   0   0 199   0   0 255 255 255
255 255 255   0   0   0   0   0   0   0   0 255 151   0 255 255
255 255   0 151   0 199 255 255 255 255 199 255 255 255 247 255
255 255 255 255 255 199 255   0 255 255  56   0   0 255 247 255
255 255 255 141 199 211   0 255   0  56  44 255 114   0 255 255
255 255 255 255 255  56 255 255   0   0 255 255 104 255 247 255
255 247 104 165 255 174 255 151   0 104 114 104  42 151 247 255
255 247   0 104 255   0   0   0 255 255   0   0 255 255 255 255
255 255 247 247 255 253 255 255 247 247 253 247 255 255 255 255
255 255 255 255 255 255 255 255 255 255 255 255 255 255 255 255
255 255 255 255 255 255 255 255 255 255 255 255 255 255 255 255
255 255 247 247 255 249 247 255 247 255 253 255 247 247 255 255
255 247   0 104 255 199   0 255   0   0 199 255 104   0 247 255
255 247 104 165 255 199 255   0 151 104 141 255 165 104 247 255
255 255 255 255 255  56   0 255 255 255  56 255 255 255 255 255
255 253  56 174 199 211 255   0   0  56  87 199 174   0 253 255
255 255   0 255 255   0 255 255   0   0 199   0   0 255 255 255
255 255 255   0   0   0   0   0   0   0   0 255 151   0 255 255
255 255   0 151   0 199 255 255 255 255 199 255 255 255 247 255
255 255 255 255 255 199 255   0 255 255  56   0   0 255 247 255
255 255 255 141 199 211   0 255   0  56  44 255 114   0 255 255
255 255 255 255 255  56 255 255   0   0 255 255 104 255 247 255
255 247 104 165 255 174 255 151   0 104 114 104  42 151 247 255
255 247   0 104 255   0   0   0 255 255   0   0 255 255 255 255
255 255 247 247 255 253 255 255 247 247 253 247 255 255 255 255
255 255 255 255 255 255 255 255 255 255 255 255 255 255 255 255
255 255 255 255 255 255 255 255 255 255 255 255 255 255 255 255
255 255 247 247 255 249 247 255 247 255 253 255 247 247 255 255
255 247   0 104 255 199   0 255   0   0 199 255 104   0 247 255
255 247 104 165 255 199 255   0 151 104 141 255 165 104 247 255
255 255 255 255 255  56   0 255 255 255  56 255 255 255 255 255
255 253  56 174 199 211 255   0   0  56  87 199 174   0 253 255
255 255   0 255 255   0 255 255   0   0 199   0   0 255 255 255
255 255 255   0   0   0   0   0   0   0   0 255 151   0 255 255
255 255   0 151   0 199 255 255 255 255 199 255 255 255 247 255
255 255 255 255 255 199 255   0 255 255  56   0   0 255 247 255
255 255 255 141 199 211   0 255   0  56  44 255 114   0 255 255
255 255 255 255 255  56 255 255   0   0 255 255 104 255 247 255
255 247 104 165 255 174 255 151   0 104 114 104  42 151 247 255
255 247   0 104 255   0   0   0 255 255   0   0 255 255 255 255
255 255 247 247 255 253 255 255 247 247 253 247 255 255 255 255
255 255 255 255 255 255 255 255 255 255 255 255 255 255 255 255

255 255 255 255 255 255 255 255 255 255 255 255 255 255 255 255
255 255 247 247 255 253 255 255 247 247 255 247 247 255 255 255
255 247   0 104 255   0 255   0 255 255   0 255 151 255 255 255
255 247 104 165 255 174   0 151 255   0 114 104  42 255 255 255
255 255 255 255 255 199   0 255 255   0 255 255 104   0 247 255
255 253 199 141  56  87 199   0 199  56  44 255 114   0 253 255
255 255   0 104 255  56   0   0 255 255  56   0 104 255 247 255
255 247   0 151 255   0   0   0 255 255   0   0   0 255 247 255
255 255 255   0 255   0 255   0 255   0 255 255 151   0 255 255
255 247   0 255   0 255 255   0 255 255   0 255 255   0 255 255
255 249 199 199  56 211   0   0 199 199 211  56 174   0 253 255
255 255 255 255 255 199 255   0   0 255 199 255 255 255 255 255
255 247 104 165 255 174 255   0 151 255 141 255 165 104 247 255
255 247   0 104 255  56   0 255   0 255 255 255 104   0 247 255
255 255 247 247 255 253 255 255 255 255 255 255 247 247 255 255
255 255 255 255 255 255 255 255 255 255 255 255 255 255 255 255
255 255 255 255 255 255 255 255 255 255 255 255 255 255 255 255
255 255 247 247 255 253 255 255 247 247 255 247 247 255 255 255
255 247   0 104 255   0 255   0 255 255   0 255 151 255 255 255
255 247 104 165 255 174   0 151 255   0 114 104  42 255 255 255
255 255 255 255 255 199   0 255 255   0 255 255 104   0 247 255
255 253 199 141  56  87 199   0 199  56  44 255 114   0 253 255
255 255   0 104 255  56   0   0 255 255  56   0 104 255 247 255
255 247   0 151 255   0   0   0 255 255   0   0   0 255 247 255
255 255 255   0 255   0 255   0 255   0 255 255 151   0 255 255
255 247   0 255   0 255 255   0 255 255   0 255 255   0 255 255
255 249 199 199  56 211   0   0 199 199 211  56 174   0 253 255
255 255 255 255 255 199 255   0   0 255 199 255 255 255 255 255
255 247 104 165 255 174 255   0 151 255 141 255 165 104 247 255
255 247   0 104 255  56   0 255   0 255 255 255 104   0 247 255
255 255 247 247 255 253 255 255 255 255 255 255 247 247 255 255
255 255 255 255 255 255 255 255 255 255 255 255 255 255 255 255
255 255 255 255 255 255 255 255 255 255 255 255 255 255 255 255
255 255 247 247 255 253 255 255 247 247 255 247 247 255 255 255
255 247   0 104 255   0 255   0 255 255   0 255 151 255 255 255
255 247 104 165 255 174   0 151 255   0 114 104  42 255 255 255
255 255 255 255 255 199   0 255 255   0 255 255 104   0 247 255
255 253 199 141  56  87 199   0 199  56  44 255 114   0 253 255
255 255   0 104 255  56   0   0 255 255  56   0 104 255 247 255
255 247   0 151 255   0   0   0 255 255   0   0   0 255 247 255
255 255 255   0 255   0 255   0 255   0 255 255 151   0 255 255
255 247   0 255   0 255 255   0 255 255   0 255 255   0 255 255
255 249 199 199  56 211   0   0 199 199 211  56 174   0 253 255
255 255 255 255 255 199 255   0   0 255 199 255 255 255 255 255
255 247 104 165 255 174 255   0 151 255 141 255 165 104 247 255
255 247   0 104 255  56   0 255   0 255 255 255 104   0 247 255
255 255 247 247 255 253 255 255 255 255 255 255 247 247 255 255
255 255 255 255 255 255 255 255 255 255 255 255 255 255 255 255

254 253 250 252 249 252 251 249 250 253 251 253 248 248 250 255
253 232 179 216 161 210 194 172 174 217 184 226 152 150 184 255
252 207 138 165 111 110 154 156 110 106  66 155 149  80 160 255
246 118  66 104 105 126 158  84 105 144 139 193 177 152 163 255
249 166 198 107 115 163 123  96 161 225 104 166 210 149 223 255
250 174  33 155 214 102 119  58 180 147 174 172 126 137 208 255
248 151  74 158  82  83 104 174 107 108 116 179 171 146 176 255
251 195 158 190 186 128 140 129 101 141 113 121 115 118 182 255
252 200  55 119 193  99 168 120  73  97  84 111  48 118 156 255
251 197 114 148 108 131 107 127 158 137  67  98 134 125 156 255
251 188  86 153 163 137 122  61  98 150 162 150 127  90 179 255
250 184 168 170 154 137 118 107 146  88 118 156 185 157 233 255
248 153 154 176 185 137 146 126 122 171 156 171 174 153 159 255
248 148  76 152 137 105 103 116 173 137 144 168 147  76 160 255
250 179 153 155 188 193 189 147 174 163 186 185 153 155 185 255
255 255 255 255 255 255 255 255 255 255 255 255 255 255 255 255
254 253 250 252 249 252 251 249 250 253 251 253 248 248 250 255
253 232 179 216 161 210 194 172 174 217 184 226 152 150 184 255
252 207 138 165 111 110 154 156 110 106  66 155 149  80 160 255
246 118  66 104 105 126 158  84 105 144 139 193 177 152 163 255
249 166 198 107 115 163 123  96 161 225 104 166 210 149 223 255
250 174  33 155 214 102 119  58 180 147 174 172 126 137 208 255
248 151  74 158  82  83 104 174 107 108 116 179 171 146 176 255
251 195 158 190 186 128 140 129 101 141 113 121 115 118 182 255
252 200  55 119 193  99 168 120  73  97  84 111  48 118 156 255
251 197 114 148 108 131 107 127 158 137  67  98 134 125 156 255
251 188  86 153 163 137 122  61  98 150 162 150 127  90 179 255
250 184 168 170 154 137 118 107 146  88 118 156 185 157 233 255
248 153 154 176 185 137 146 126 122 171 156 171 174 153 159 255
248 148  76 152 137 105 103 116 173 137 144 168 147  76 160 255
250 179 153 155 188 193 189 147 174 163 186 185 153 155 185 255
255 255 255 255 255 255 255 255 255 255 255 255 255 255 255 255
254 253 250 252 249 252 251 249 250 253 251 253 248 248 250 255
253 232 179 216 161 210 194 172 174 217 184 226 152 150 184 255
252 207 138 165 111 110 154 156 110 106  66 155 149  80 160 255
246 118  66 104 105 126 158  84 105 144 139 193 177 152 163 255
249 166 198 107 115 163 123  96 161 225 104 166 210 149 223 255
250 174  33 155 214 102 119  58 180 147 174 172 126 137 208 255
248 151  74 158  82  83 104 174 107 108 116 179 171 146 176 255
251 195 158 190 186 128 140 129 101 141 113 121 115 118 182 255
252 200  55 119 193  99 168 120  73  97  84 111  48 118 156 255
251 197 114 148 108 131 107 127 158 137  67  98 134 125 156 255
251 188  86 153 163 137 122  61  98 150 162 150 127  90 179 255
250 184 168 170 154 137 118 107 146  88 118 156 185 157 233 255
248 153 154 176 185 137 146 126 122 171 156 171 174 153 159 255
248 148  76 152 137 105 103 116 173 137 144 168 147  76 160 255
250 179 153 155 188 193 189 147 174 163 186 185 153 155 185 255
255 255 255 255 255 255 255 255 255 255 255 255 255 255 255 255

255 255 255 255 255 255 255 255 255 255 255 255 255 255 255 255
255 181 154 153 222 208 171 179 150 149 170 237 153 154 181 255
255 154  71 153 146 132 147 115 116 127  80 153 153  71 154 255
255 153 153 176 221 123 177 121  38 136 126 189 176 153 153 255
255 237 153 197 163 175 184 122 118  92 152 153 171 169 188 255
255 190  55 138  95 179 112 115  84  59 167 114 156 143 186 255
255 227 108 139 240 148 106 147  96 142 154  81 172 137 162 255
255 176 111  99 154 188 108 101  66 164  91 153 119 176 175 255
255 173 165  82  96  41 182 132 123 130  56 103 127 113 146 255
255 199 153 166 125 126  97 139 176 105 127 117 148 103 192 255
255 218 107 121 170 103  79 130  92 133 138 139 137 106 194 255
255 161 112 104 104 232  75 189 206 103 166 153 189 140 188 255
255 224 173 104 104 150 161 196 112 151 151 171 176 153 153 255
255 179 142  54 217  23  62 164  47 115  76 169 153  71 154 255
255 237 218 120 162 187 154 197 211 204 196 188 153 154 181 255
255 255 255 255 255 255 255 255 255 255 255 255 255 255 255 255
255 255 255 255 255 255 255 255 255 255 255 255 255 255 255 255
255 181 154 153 222 208 171 179 150 149 170 237 153 154 181 255
255 154  71 153 146 132 147 115 116 127  80 153 153  71 154 255
255 153 153 176 221 123 177 121  38 136 126 189 176 153 153 255
255 237 153 197 163 175 184 122 118  92 152 153 171 169 188 255
255 190  55 138  95 179 112 115  84  59 167 114 156 143 186 255
255 227 108 139 240 148 106 147  96 142 154  81 172 137 162 255
255 176 111  99 154 188 108 101  66 164  91 153 119 176 175 255
255 173 165  82  96  41 182 132 123 130  56 103 127 113 146 255
255 199 153 166 125 126  97 139 176 105 127 117 148 103 192 255
255 218 107 121 170 103  79 130  92 133 138 139 137 106 194 255
255 161 112 104 104 232  75 189 206 103 166 153 189 140 188 255
255 224 173 104 104 150 161 196 112 151 151 171 176 153 153 255
255 179 142  54 217  23  62 164  47 115  76 169 153  71 154 255
255 237 218 120 162 187 154 197 211 204 196 188 153 154 181 255
255 255 255 255 255 255 255 255 255 255 255 255 255 255 255 255
255 255 255 255 255 255 255 255 255 255 255 255 255 255 255 255
255 181 154 153 222 208 171 179 150 149 170 237 153 154 181 255
255 154  71 153 146 132 147 115 116 127  80 153 153  71 154 255
255 153 153 176 221 123 177 121  38 136 126 189 176 153 153 255
255 237 153 197 163 175 184 122 118  92 152 153 171 169 188 255
255 190  55 138  95 179 112 115  84  59 167 114 156 143 186 255
255 227 108 139 240 148 106 147  96 142 154  81 172 137 162 255
255 176 111  99 154 188 108 101  66 164  91 153 119 176 175 255
255 173 165  82  96  41 182 132 123 130  56 103 127 113 146 255
255 199 153 166 125 126  97 139 176 105 127 117 148 103 192 255
255 218 107 121 170 103  79 130  92 133 138 139 137 106 194 255
255 161 112 104 104 232  75 189 206 103 166 153 189 140 188 255
255 224 173 104 104 150 161 196 112 151 151 171 176 153 153 255
255 179 142  54 217  23  62 164  47 115  76 169 153  71 154 255
255 237 218 120 162 187 154 197 211 204 196 188 153 154 181 255
255 255 255 255 255 255 255 255 255 255 255 255 255 255 255 255
